20240408 225550 100 241.0 0 [OL] NA NA
20240408 225620 100 240.0 0 [OL] NA NA
20240408 225650 100 240.0 0 [OL] NA NA
20240408 225720 100 240.0 0 [OL] NA NA
20240408 225750 100 240.0 0 [OL] NA NA
20240408 225820 100 238.0 0 [OL] NA NA
20240408 225850 100 240.0 0 [OL] NA NA
20240408 225920 100 240.0 0 [OL] NA NA
20240408 225950 100 240.0 0 [OL] NA NA
20240408 230020 100 243.0 0 [OL] NA NA
20240408 230050 100 243.0 0 [OL] NA NA
20240408 230120 100 243.0 0 [OL] NA NA
20240408 230150 100 243.0 0 [OL] NA NA
20240408 230220 100 243.0 0 [OL] NA NA
20240408 230250 100 243.0 0 [OL] NA NA
20240408 230320 100 243.0 0 [OL] NA NA
20240408 230350 NA NA NA [NA] NA NA
20240408 230420 100 243.0 0 [OL] NA NA
20240408 230450 100 242.0 0 [OL] NA NA
20240408 230520 100 243.0 0 [OL] NA NA
20240408 230550 100 243.0 0 [OL] NA NA
20240408 230620 100 243.0 0 [OL] NA NA
20240408 230650 100 244.0 0 [OL] NA NA
20240408 230720 100 243.0 0 [OL] NA NA
20240408 230750 100 243.0 0 [OL] NA NA
20240408 230820 100 242.0 0 [OL] NA NA
20240408 230850 NA NA NA [NA] NA NA
20240408 230920 100 243.0 0 [OL] NA NA
20240408 230950 100 243.0 0 [OL] NA NA
20240408 231020 100 242.0 0 [OL] NA NA
20240408 231050 100 242.0 0 [OL] NA NA
20240408 231120 100 242.0 0 [OL] NA NA
20240408 231150 100 241.0 0 [OL] NA NA
20240408 231220 100 240.0 0 [OL] NA NA
20240408 231250 100 241.0 0 [OL] NA NA
20240408 231320 100 239.0 0 [OL] NA NA
20240408 231350 100 241.0 0 [OL] NA NA
20240408 231420 100 241.0 0 [OL] NA NA
20240408 231450 100 241.0 0 [OL] NA NA
20240408 231520 100 241.0 0 [OL] NA NA
20240408 231550 100 241.0 0 [OL] NA NA
20240408 231620 100 241.0 0 [OL] NA NA
20240408 231650 100 241.0 0 [OL] NA NA
20240408 231720 100 242.0 0 [OL] NA NA
20240408 231750 100 241.0 0 [OL] NA NA
20240408 231820 100 241.0 0 [OL] NA NA
20240408 231850 100 242.0 0 [OL] NA NA
20240408 231920 100 242.0 0 [OL] NA NA
20240408 231950 100 242.0 0 [OL] NA NA
20240408 232020 100 243.0 0 [OL] NA NA
20240408 232050 100 242.0 0 [OL] NA NA
20240408 232120 100 242.0 0 [OL] NA NA
20240408 232150 100 243.0 0 [OL] NA NA
20240408 232220 100 242.0 0 [OL] NA NA
20240408 232250 100 242.0 0 [OL] NA NA
20240408 232320 100 240.0 0 [OL] NA NA
20240408 232350 100 241.0 0 [OL] NA NA
20240408 232420 100 240.0 0 [OL] NA NA
20240408 232450 100 242.0 0 [OL] NA NA
20240408 232520 100 239.0 0 [OL] NA NA
20240408 232550 100 241.0 0 [OL] NA NA
20240408 232620 100 241.0 0 [OL] NA NA
20240408 232650 100 241.0 0 [OL] NA NA
20240408 232720 100 241.0 0 [OL] NA NA
20240408 232750 100 241.0 0 [OL] NA NA
20240408 232820 100 241.0 0 [OL] NA NA
20240408 232850 100 241.0 0 [OL] NA NA
20240408 232920 100 240.0 0 [OL] NA NA
20240408 232950 100 240.0 0 [OL] NA NA
20240408 233020 100 241.0 0 [OL] NA NA
20240408 233050 100 240.0 0 [OL] NA NA
20240408 233120 100 241.0 0 [OL] NA NA
20240408 233150 100 240.0 0 [OL] NA NA
20240408 233220 100 241.0 0 [OL] NA NA
20240408 233250 100 241.0 0 [OL] NA NA
20240408 233320 100 241.0 0 [OL] NA NA
20240408 233350 100 240.0 0 [OL] NA NA
20240408 233420 100 242.0 0 [OL] NA NA
20240408 233450 100 242.0 0 [OL] NA NA
20240408 233520 100 241.0 0 [OL] NA NA
20240408 233550 100 243.0 0 [OL] NA NA
20240408 233620 100 243.0 0 [OL] NA NA
20240408 233650 100 243.0 0 [OL] NA NA
20240408 233720 100 240.0 0 [OL] NA NA
20240408 233750 100 242.0 0 [OL] NA NA
20240408 233820 100 242.0 0 [OL] NA NA
20240408 233850 100 241.0 0 [OL] NA NA
20240408 233920 100 242.0 0 [OL] NA NA
20240408 233950 100 241.0 0 [OL] NA NA
20240408 234020 100 242.0 0 [OL] NA NA
20240408 234050 100 242.0 0 [OL] NA NA
20240408 234120 100 243.0 0 [OL] NA NA
20240408 234150 100 243.0 0 [OL] NA NA
20240408 234220 100 243.0 0 [OL] NA NA
20240408 234250 100 242.0 0 [OL] NA NA
20240408 234320 100 242.0 0 [OL] NA NA
20240408 234350 100 242.0 0 [OL] NA NA
20240408 234420 100 240.0 0 [OL] NA NA
20240408 234450 100 242.0 0 [OL] NA NA
20240408 234520 100 242.0 0 [OL] NA NA
20240408 234550 100 242.0 0 [OL] NA NA
20240408 234620 100 242.0 0 [OL] NA NA
20240408 234650 100 242.0 0 [OL] NA NA
20240408 234720 100 243.0 0 [OL] NA NA
20240408 234750 100 242.0 0 [OL] NA NA
20240408 234820 100 241.0 0 [OL] NA NA
20240408 234850 100 243.0 0 [OL] NA NA
20240408 234920 100 242.0 0 [OL] NA NA
20240408 234950 100 241.0 0 [OL] NA NA
20240408 235020 100 240.0 0 [OL] NA NA
20240408 235050 100 240.0 0 [OL] NA NA
20240408 235120 100 240.0 0 [OL] NA NA
20240408 235150 100 241.0 0 [OL] NA NA
20240408 235220 100 241.0 0 [OL] NA NA
20240408 235250 100 243.0 0 [OL] NA NA
20240408 235320 100 243.0 0 [OL] NA NA
20240408 235350 100 243.0 0 [OL] NA NA
20240408 235420 100 242.0 0 [OL] NA NA
20240408 235450 100 242.0 0 [OL] NA NA
20240408 235520 100 242.0 0 [OL] NA NA
20240408 235550 100 243.0 0 [OL] NA NA
20240408 235620 100 243.0 0 [OL] NA NA
20240408 235650 100 242.0 0 [OL] NA NA
20240408 235720 100 242.0 0 [OL] NA NA
20240408 235750 100 243.0 0 [OL] NA NA
20240408 235820 100 243.0 0 [OL] NA NA
20240408 235850 100 243.0 0 [OL] NA NA
20240408 235920 100 243.0 0 [OL] NA NA
20240408 235950 100 242.0 0 [OL] NA NA
20240409 000020 100 242.0 0 [OL] NA NA
20240409 000050 100 241.0 0 [OL] NA NA
20240409 000120 100 242.0 0 [OL] NA NA
20240409 000150 100 242.0 0 [OL] NA NA
20240409 000220 100 242.0 0 [OL] NA NA
20240409 000250 100 241.0 0 [OL] NA NA
20240409 000320 100 243.0 0 [OL] NA NA
20240409 000350 100 243.0 0 [OL] NA NA
20240409 000420 100 243.0 0 [OL] NA NA
20240409 000450 100 243.0 0 [OL] NA NA
20240409 000520 100 243.0 0 [OL] NA NA
20240409 000550 100 242.0 0 [OL] NA NA
20240409 000620 100 243.0 0 [OL] NA NA
20240409 000650 100 243.0 0 [OL] NA NA
20240409 000720 100 243.0 0 [OL] NA NA
20240409 000750 100 243.0 0 [OL] NA NA
20240409 000820 100 243.0 0 [OL] NA NA
20240409 000850 100 243.0 0 [OL] NA NA
20240409 000920 100 242.0 0 [OL] NA NA
20240409 000950 100 243.0 0 [OL] NA NA
20240409 001020 100 243.0 0 [OL] NA NA
20240409 001050 100 243.0 0 [OL] NA NA
20240409 001120 100 242.0 0 [OL] NA NA
20240409 001150 100 241.0 0 [OL] NA NA
20240409 001220 100 242.0 0 [OL] NA NA
20240409 001250 100 242.0 0 [OL] NA NA
20240409 001320 100 242.0 0 [OL] NA NA
20240409 001350 100 242.0 0 [OL] NA NA
20240409 001420 100 242.0 0 [OL] NA NA
20240409 001450 100 242.0 0 [OL] NA NA
20240409 001520 100 243.0 0 [OL] NA NA
20240409 001550 100 242.0 0 [OL] NA NA
20240409 001620 100 243.0 0 [OL] NA NA
20240409 001650 100 244.0 0 [OL] NA NA
20240409 001720 100 244.0 0 [OL] NA NA
20240409 001750 100 244.0 0 [OL] NA NA
20240409 001820 100 244.0 0 [OL] NA NA
20240409 001850 100 244.0 0 [OL] NA NA
20240409 001920 100 244.0 0 [OL] NA NA
20240409 001950 100 244.0 0 [OL] NA NA
20240409 002020 100 243.0 0 [OL] NA NA
20240409 002050 100 242.0 0 [OL] NA NA
20240409 002120 100 245.0 0 [OL] NA NA
20240409 002150 100 242.0 0 [OL] NA NA
20240409 002220 100 245.0 0 [OL] NA NA
20240409 002250 100 244.0 0 [OL] NA NA
20240409 002320 100 244.0 0 [OL] NA NA
20240409 002350 100 243.0 0 [OL] NA NA
20240409 002420 100 242.0 0 [OL] NA NA
20240409 002450 100 243.0 0 [OL] NA NA
20240409 002520 100 244.0 0 [OL] NA NA
20240409 002550 100 244.0 0 [OL] NA NA
20240409 002620 100 245.0 0 [OL] NA NA
20240409 002650 100 245.0 0 [OL] NA NA
20240409 002720 100 245.0 0 [OL] NA NA
20240409 002750 100 245.0 0 [OL] NA NA
20240409 002820 100 245.0 0 [OL] NA NA
20240409 002850 100 244.0 0 [OL] NA NA
20240409 002920 100 244.0 0 [OL] NA NA
20240409 002950 100 244.0 0 [OL] NA NA
20240409 003020 100 244.0 0 [OL] NA NA
20240409 003050 100 244.0 0 [OL] NA NA
20240409 003120 100 244.0 0 [OL] NA NA
20240409 003150 100 244.0 0 [OL] NA NA
20240409 003220 100 244.0 0 [OL] NA NA
20240409 003250 100 242.0 0 [OL] NA NA
20240409 003320 100 244.0 0 [OL] NA NA
20240409 003350 100 243.0 0 [OL] NA NA
20240409 003356 100 243.0 0 [OL] NA NA
